alpha=0.048880;0.029085;0.061041;0.030744;0.024802;0.039564;0.031819;0.027910;0.013078;0.038961;0.054047;0.180766;0.034576;0.131703;0.397479;0.059740;0.017975;0.099825;0.042271;0.010992;0.023346;0.324438;0.501938;0.097003;0.021556;0.022766;0.013390;0.011000;0.064768;0.160789;0.034677;0.035503;0.100902;0.061722;0.030411;0.011281;0.026545;0.046626;0.025384;0.005043;0.070616;0.009952;0.024333;0.033757;0.014134;0.032251;0.015023;0.051952;0.021523;0.066087
beta=0.017264
ntopics=50
ndocs=1000
nwords=11764
liter=2001
