alpha=0.048586;0.029451;0.061830;0.030439;0.027260;0.046896;0.033069;0.026449;0.014603;0.047029;0.053766;0.183177;0.029349;0.137391;0.403293;0.059739;0.023984;0.091889;0.045731;0.011789;0.025482;0.311213;0.502859;0.099434;0.022762;0.025243;0.014658;0.012273;0.061685;0.165636;0.035470;0.031214;0.105632;0.058700;0.026282;0.014143;0.020793;0.050696;0.025176;0.004290;0.066088;0.012001;0.024426;0.032558;0.012027;0.032865;0.017306;0.057516;0.018890;0.060701
beta=0.017214
ntopics=50
ndocs=100
nwords=4558
liter=20
